0 0.369612 0.381182 0.00822734 0.00776988
0 0.393682 0.49397 0.00808183 0.00833235
0 0.519703 0.357919 0.0083725 0.00844265
0 0.30706 0.442679 0.00742615 0.00808116
0 0.632362 0.317388 0.0095813 0.0103569
0 0.278962 0.432642 0.00783954 0.00881293
0 0.453505 0.616065 0.00841017 0.00988803
0 0.332439 0.317656 0.00762892 0.00782803
0 0.571036 0.369938 0.00825619 0.0086792
0 0.632231 0.156156 0.00796414 0.00844603
0 0.730471 0.257662 0.00842543 0.00914975
0 0.565601 0.265343 0.011421 0.00970525
0 0.382611 0.391292 0.0089566 0.00913574
0 0.410163 0.338966 0.00931932 0.00899268
0 0.552446 0.315169 0.0099781 0.0107824
0 0.606384 0.130523 0.00858554 0.00895962
0 0.0445205 0.881158 0.00900262 0.00900608
0 0.0821101 0.417305 0.00827775 0.00891073
0 0.27855 0.365794 0.008632 0.0099329
0 0.331994 0.366481 0.00872793 0.0092947
0 0.458916 0.444744 0.00778046 0.00841312
0 0.421321 0.35351 0.00784637 0.00892148
0 0.643206 0.708488 0.00797404 0.00875278
0 0.554431 0.667021 0.00891761 0.00990106
0 0.12095 0.607727 0.00869341 0.00899597
0 0.39323 0.618004 0.00775106 0.00815972
0 0.958121 0.682205 0.00782966 0.00811252
0 0.831465 0.181741 0.0084141 0.00831445
0 0.130777 0.366334 0.00911753 0.00982151
0 0.39034 0.396324 0.00872782 0.008457
0 0.542123 0.430667 0.00782125 0.00853234
0 0.54327 0.23004 0.00897071 0.00967031
0 0.432732 0.328459 0.00795119 0.009444
0 0.128155 0.392464 0.00876193 0.00931359
0 0.584377 0.694472 0.00845235 0.00803887
0 0.406724 0.293582 0.00781233 0.00814687
0 0.386664 0.434583 0.00969398 0.00955102
0 0.639365 0.361892 0.0100258 0.00913744
0 0.384832 0.615057 0.0102921 0.00962009
0 0.682211 0.206335 0.00818386 0.00877652
0 0.646132 0.381494 0.00783434 0.00922557
0 0.554984 0.678474 0.00780392 0.00927884
0 0.496134 0.316974 0.00818824 0.00960968
0 0.0569135 0.181868 0.00895557 0.00846931
0 0.0781523 0.681892 0.00952363 0.0105774
0 0.395882 0.3332 0.00729146 0.00753767
0 0.0928939 0.9051 0.00865257 0.00968628
0 0.379066 0.483852 0.00738373 0.00803043
0 0.683182 0.191253 0.0080329 0.00917414
0 0.155801 0.445458 0.00876602 0.00909271
0 0.457342 0.669896 0.00878659 0.00906976
0 0.541268 0.31359 0.010482 0.00917206
0 0.566566 0.63918 0.0111607 0.00924018
0 0.671314 0.129894 0.00781596 0.00847706
0 0.407535 0.492282 0.00749607 0.00860474
0 0.0692812 0.305728 0.00884478 0.00942661
0 0.959058 0.0840513 0.0116524 0.00928516
0 0.729601 0.657618 0.00849399 0.0097699
0 0.464643 0.463613 0.00928229 0.00843726
0 0.358379 0.382737 0.00734606 0.00726213
0 0.333475 0.379051 0.00809153 0.00905297
0 0.0590302 0.303742 0.00866516 0.00970707
0 0.367825 0.329506 0.00663974 0.00731618
0 0.755497 0.642739 0.00754618 0.00815552
0 0.558362 0.332501 0.00853299 0.00940657
0 0.368865 0.445982 0.00739505 0.00785902
0 0.754254 0.207881 0.00884705 0.00933714
0 0.429135 0.708648 0.00876007 0.00906657
0 0.496975 0.295204 0.00871202 0.00891534
0 0.79306 0.480596 0.00712023 0.00793152
0 0.791235 0.433669 0.00798489 0.0088068
0 0.293041 0.340939 0.00777588 0.0089801
0 0.586486 0.49031 0.0098936 0.00907745
0 0.0275874 0.178958 0.00919939 0.00982613
0 0.442471 0.396958 0.0070029 0.0085082
0 0.669411 0.343075 0.00780219 0.00825053
0 0.00645905 0.354914 0.00929244 0.00977993
0 0.871851 0.895938 0.00875509 0.00876661
0 0.566612 0.34584 0.00885515 0.00925971
0 0.368821 0.321945 0.00662621 0.00791741
0 0.458255 0.65482 0.00823249 0.0089466
0 0.919676 0.293056 0.00898688 0.0091076
0 0.0816257 0.318207 0.00842876 0.00803168
0 0.157988 0.629805 0.00866799 0.00894565
0 0.405697 0.455249 0.00631287 0.00733354
0 0.0837384 0.0568091 0.00783439 0.00806942
0 0.716057 0.219141 0.0084297 0.00924254
0 0.529072 0.358314 0.00714359 0.00824371
0 0.479767 0.420531 0.00723114 0.00832442
0 0.596721 0.694821 0.00823235 0.00895114
0 0.820088 0.621463 0.00846781 0.00869161
0 0.994957 0.896283 0.00845608 0.0092686
0 0.854262 0.89217 0.00886956 0.00974691
0 0.0593451 0.086585 0.0109392 0.0103025
0 0.381689 0.504832 0.00796448 0.0084712
0 0.983064 0.678922 0.00771925 0.00891493
0 0.54085 0.315857 0.00933228 0.0104328
0 0.00407719 0.90525 0.00800041 0.00941922
0 0.443405 0.616848 0.0083021 0.0094696
0 0.319426 0.456376 0.00760088 0.00767229
0 0.480784 0.51848 0.00827569 0.00836728
0 0.28403 0.456066 0.00815516 0.00785845
0 0.630733 0.594957 0.00737712 0.0086773
0 0.320735 0.331857 0.00718577 0.00699822
0 0.465391 0.586726 0.00987006 0.00948378
0 0.90446 0.108168 0.0072935 0.00850349
0 0.704337 0.0567814 0.00911424 0.00920391
0 0.595058 0.806351 0.00845886 0.0089447
0 0.107375 0.393532 0.00834391 0.00866174
0 0.00458685 0.919544 0.00853386 0.00919074
0 0.632337 0.691924 0.00829393 0.00874763
0 0.73254 0.480101 0.00800951 0.00864994
0 0.706898 0.328514 0.0086244 0.00946435
0 0.406298 0.334025 0.00739478 0.00824965
0 0.481668 0.471068 0.00760125 0.00808509
0 0.696899 0.0552224 0.0087517 0.00933361
0 0.154505 0.0832056 0.00650672 0.00743308
0 0.396575 0.565983 0.00817878 0.00904439
0 0.00426653 0.218301 0.00810476 0.00945979
0 0.430832 0.340359 0.00696584 0.00913656
0 0.959212 0.0838154 0.00847927 0.00881591
0 0.0548318 0.143392 0.00764559 0.00837634
0 0.571516 0.382079 0.00803507 0.00802863
0 0.0712694 0.183668 0.00807946 0.00813551
0 0.308401 0.696388 0.00839328 0.00862135
0 0.791934 0.106717 0.00804721 0.00881743
0 0.0683679 0.11899 0.00792544 0.00839091
0 0.0341446 0.607577 0.0081649 0.00875468
0 0.605001 0.183678 0.00746813 0.00827699
0 0.0720456 0.632705 0.00885403 0.00854723
0 0.321391 0.592544 0.0083001 0.00888272
0 0.38215 0.608835 0.00797824 0.00824565
0 0.556221 0.354464 0.00805895 0.00857134
0 0.556972 0.304657 0.0096363 0.0093359
0 0.416503 0.345668 0.00785129 0.00799082
0 0.27967 0.691838 0.00864115 0.00973511
0 0.838016 0.388671 0.0104306 0.0104301
0 0.66498 0.765223 0.01052 0.00956862
0 0.664446 0.565058 0.00891934 0.00848758
0 0.866803 0.217095 0.0085026 0.00972777
0 0.709247 0.0704949 0.00855008 0.00892939
0 0.130899 0.380417 0.00829952 0.00862488
0 0.258374 0.541771 0.00863408 0.00937575
0 0.433148 0.619048 0.00811252 0.00846571
0 0.533276 0.327821 0.00798398 0.00946526
0 0.109229 0.415576 0.00861702 0.00993178
0 0.579594 0.232777 0.00699768 0.00814935
0 0.468335 0.358315 0.00683295 0.00758521
0 0.142827 0.316796 0.00800868 0.0094459
0 0.438968 0.614709 0.00930196 0.00912075
0 0.606937 0.367335 0.00733392 0.00800313
0 0.707329 0.0466304 0.00786696 0.00883529
0 0.466985 0.379097 0.00707052 0.00835856
0 0.0613881 0.862279 0.0105519 0.0108059
0 0.646529 0.35932 0.00788018 0.00851766
0 0.72038 0.380148 0.00752814 0.00813751
0 0.634511 0.0553338 0.00843486 0.00915869
0 0.165564 0.390155 0.0098632 0.00935733
0 0.319397 0.69281 0.00792389 0.00823249
0 0.378526 0.695221 0.00786543 0.00863973
0 0.0399936 0.652211 0.00985648 0.0103784
0 0.603823 0.0343579 0.00844347 0.00892418
0 0.108861 0.532312 0.00807099 0.00805996
0 0.982079 0.718816 0.00737379 0.0073291
0 0.491524 0.329858 0.00799944 0.00865441
0 0.643014 0.720729 0.00805359 0.00857754
0 0.979895 0.517111 0.00843736 0.009709
0 0.583346 0.53652 0.0113909 0.00895874
0 0.709639 0.218823 0.00864271 0.00896588
0 0.495963 0.367652 0.00666874 0.00735816
0 0.47076 0.296137 0.00783519 0.00832323
0 0.820954 0.432135 0.00717434 0.00713443
0 0.833635 0.0955249 0.00808485 0.00841012
0 0.579838 0.196281 0.00792664 0.00867632
0 0.266278 0.421943 0.0086732 0.00933095
0 0.652976 0.102438 0.00868395 0.00987804
0 0.379835 0.644122 0.00726139 0.00764933
0 0.584039 0.627683 0.00823541 0.00949253
0 0.0204927 0.370263 0.00820694 0.00869751
0 0.781542 0.907058 0.00890672 0.00901143
0 0.663468 0.389178 0.0102738 0.00921773
0 0.327735 0.621471 0.00886983 0.00932977
0 0.558875 0.479316 0.0081665 0.00841875
0 0.502553 0.615826 0.00880395 0.00905192
0 0.922345 0.0210199 0.00863573 0.00853068
0 0.580996 0.557967 0.00841702 0.00861206
0 0.794376 0.653936 0.00773505 0.00855048
0 0.66949 0.107023 0.00749912 0.00819239
0 0.691633 0.879993 0.00972561 0.0103382
0 0.819746 0.0956108 0.00758152 0.00851769
0 0.491496 0.381623 0.00738193 0.0074687
0 0.746888 0.846055 0.00874613 0.0086613
0 0.559645 0.295735 0.00931359 0.0100974
0 0.370667 0.641561 0.00785885 0.00848789
0 0.955113 0.840231 0.00777913 0.00939711
0 0.693618 0.0411323 0.00857931 0.00925449
0 0.808698 0.104511 0.0087675 0.00919017
0 0.682643 0.355161 0.00761773 0.00796204
0 0.168636 0.0946426 0.00695231 0.0075069
0 0.881467 0.379937 0.00779419 0.00864719
0 0.40459 0.396972 0.00729329 0.00849504
0 0.716875 0.832681 0.00796834 0.00848538
0 0.229972 0.633421 0.00768804 0.00829393
0 0.0409675 0.593998 0.0080544 0.00829366
0 0.283215 0.445659 0.00742889 0.00841885
0 0.504476 0.333353 0.00752506 0.00859236
0 0.667032 0.945441 0.00835212 0.00883294
0 0.0365334 0.635019 0.0105911 0.0108362
0 0.545259 0.378177 0.00688551 0.00869293
0 0.34641 0.654226 0.00840393 0.00900099
0 0.0846481 0.0593754 0.00962555 0.008866
0 0.584161 0.49336 0.00821357 0.00906667
0 0.0301047 0.880245 0.00798559 0.00862542
0 0.00528761 0.0454811 0.00805714 0.00854025
0 0.334763 0.314824 0.0102058 0.00865841
0 0.439009 0.384589 0.00901252 0.00936469
0 0.0328348 0.758037 0.00999922 0.0105834
0 0.134338 0.362212 0.0107135 0.00953261
0 0.283977 0.477382 0.00814065 0.00962284
0 0.781015 0.416671 0.00770738 0.00861321
0 0.659534 0.243601 0.00928819 0.0103487
0 0.808263 0.657295 0.00789795 0.00867866
0 0.695875 0.71977 0.00841844 0.00947856
0 0.956772 0.180719 0.00856669 0.00908698
0 0.946085 0.179449 0.00892015 0.00940186
0 0.654317 0.357427 0.00740038 0.00808048
0 0.691618 0.303651 0.00854479 0.00931213
0 0.859631 0.485819 0.0108963 0.0102526
0 0.539689 0.73984 0.00991747 0.00901706
0 0.583129 0.179098 0.00791036 0.00863987
0 0.89114 0.191823 0.00818081 0.00863
0 0.258917 0.382355 0.0079884 0.0081428
0 0.729509 0.755788 0.00827827 0.00840752
0 0.512799 0.389017 0.00859517 0.00783797
0 0.154294 0.428215 0.0086202 0.00978271
0 0.746249 0.270594 0.00789456 0.0081582
0 0.603291 0.842837 0.00820652 0.0091137
0 0.689534 0.040246 0.00930237 0.00875041
0 0.684919 0.170673 0.00877835 0.00892934
0 0.984158 0.891687 0.00866923 0.00916172
0 0.711944 0.38901 0.00923496 0.00914202
0 0.778047 0.197689 0.00882548 0.00964457
0 0.534294 0.442065 0.00823507 0.00839871
0 0.0848266 0.458593 0.00889598 0.00863763
0 0.61687 0.46875 0.00660285 0.00722731
0 0.0315596 0.519312 0.00768692 0.00827979
0 0.454871 0.255857 0.00760271 0.00868188
0 0.568562 0.977938 0.00849667 0.0097189
0 0.0946199 0.155242 0.00683737 0.00731244
0 0.95712 0.695453 0.00761454 0.00803331
0 0.954577 0.244505 0.00739936 0.0078292
0 0.134096 0.356763 0.00856185 0.00832886
0 0.11418 0.938998 0.0107609 0.00999966
0 0.387931 0.489171 0.0100606 0.00949402
0 0.365336 0.639933 0.010412 0.0096207
0 0.095723 0.332651 0.00794191 0.00779772
0 0.767783 0.0435026 0.00765496 0.00790005
0 0.455258 0.707008 0.00752563 0.00819336
0 0.0349516 0.634123 0.00929826 0.00953674
0 0.0952159 0.915825 0.0084728 0.00918084
0 0.966482 0.233698 0.0077339 0.00851995
0 0.878756 0.0342382 0.00805094 0.00904873
0 0.865693 0.0689373 0.00851956 0.00854089
0 0.584777 0.445166 0.00840183 0.00815572
0 0.889472 0.0900647 0.0104591 0.00986549
0 0.659948 0.239303 0.0104378 0.0100534
0 0.271393 0.545187 0.00864024 0.00918484
0 0.180753 0.619643 0.00753018 0.00814473
0 0.704751 0.171918 0.0074566 0.00834803
0 0.619432 0.670457 0.00786608 0.00848294
0 0.0431831 0.418118 0.00764163 0.00843716
0 0.31035 0.439592 0.00916985 0.00905331
0 0.935096 0.121463 0.00907403 0.00862027
0 0.406199 0.365741 0.00693902 0.00850193
0 0.734387 0.545933 0.00776788 0.00804918
0 0.643734 0.75653 0.00801466 0.00811083
0 0.0596146 0.0936925 0.00865314 0.00887217
0 0.7963 0.542936 0.00822618 0.00849104
0 0.534177 0.395176 0.00760539 0.00757972
0 0.865375 0.21522 0.0100781 0.00941133
0 0.837794 0.440477 0.0102341 0.00968455
0 0.762544 0.240057 0.00906623 0.00896954
0 0.14698 0.331114 0.00853607 0.00812364
0 0.771687 0.905591 0.00931858 0.00909824
0 0.65352 0.903368 0.00821418 0.00916389
0 0.730366 0.554363 0.00758111 0.00792962
0 0.0418691 0.182879 0.00860537 0.00814151
0 0.436139 0.711227 0.0103843 0.0105851
0 0.76764 0.642106 0.00733148 0.00804681
0 0.811489 0.214958 0.0092945 0.00962697
0 0.814864 0.362699 0.0103924 0.00935191
0 0.714143 0.265689 0.00942729 0.00935545
0 0.61061 0.739866 0.0108432 0.0105845
0 0.545472 0.642445 0.00741041 0.00720635
0 0.667429 0.753934 0.0075116 0.00893934
0 0.235227 0.46497 0.00925875 0.00921973
0 0.934106 0.0776281 0.0083077 0.00945456
0 0.743269 0.0666466 0.0077518 0.0097629
0 0.720853 0.845444 0.00829963 0.0082746
0 0.690579 0.888916 0.0109062 0.00988064
