0 0.359813 0.113912 0.0111091 0.0107501
0 0.360473 0.0884631 0.0107696 0.010808
0 0.431492 0.330021 0.00802365 0.00874617
0 0.305642 0.545094 0.0083233 0.009031
0 0.332439 0.383572 0.00899828 0.00951552
0 0.491749 0.0676339 0.00843296 0.00978205
0 0.243116 0.467904 0.00908376 0.0101396
0 0.28322 0.595789 0.00806747 0.00851481
0 0.61931 0.695044 0.00804342 0.00792521
0 0.654617 0.629574 0.00825962 0.00970059
0 0.519545 0.242088 0.00828589 0.00848875
0 0.421656 0.145002 0.00812178 0.00809605
0 0.384371 0.106661 0.0082923 0.00808172
0 0.293121 0.744961 0.00821276 0.00872152
0 0.314499 0.0649291 0.00963667 0.009121
0 0.321569 0.0816305 0.00840054 0.00885663
0 0.259071 0.595767 0.00807046 0.00835002
0 0.310232 0.0376556 0.0104523 0.0101843
0 0.49119 0.220954 0.00825348 0.0087925
0 0.283977 0.305868 0.00896451 0.00957038
0 0.53488 0.413794 0.00981398 0.00935364
0 0.354479 0.395656 0.0084571 0.00925513
0 0.588727 0.740539 0.010459 0.00919237
0 0.403904 0.0325816 0.00805596 0.00870618
0 0.620402 0.531755 0.00852227 0.00947934
0 0.415906 0.339947 0.0104952 0.00907935
0 0.37838 0.0954063 0.00850915 0.00879505
0 0.657274 0.757233 0.00831672 0.00866489
0 0.346409 0.543692 0.00811395 0.00814782
0 0.369708 0.0909723 0.00828752 0.0094681
0 0.670385 0.470659 0.00813334 0.00789032
0 0.608936 0.529394 0.00841994 0.00937632
0 0.220539 0.721137 0.00802065 0.00847107
0 0.455595 0.305273 0.00761729 0.00829508
0 0.333818 0.00447157 0.00890042 0.00894313
0 0.606754 0.255268 0.00811116 0.00872382
0 0.24525 0.732049 0.00781289 0.00802639
0 0.558956 0.256099 0.00749091 0.00782805
0 0.596189 0.579207 0.0083568 0.00939663
0 0.230129 0.257669 0.0084609 0.00864219
0 0.333028 0.0903305 0.00758362 0.00913925
0 0.29293 0.756501 0.0073782 0.00771749
0 0.608691 0.23922 0.011182 0.00945931
0 0.366705 0.304734 0.00747399 0.00912465
0 0.634416 0.514493 0.0110227 0.00978231
0 0.452674 0.0576789 0.00894928 0.00921207
0 0.255146 0.621383 0.00812235 0.00862562
0 0.408304 0.620521 0.00727787 0.00814894
0 0.383356 0.112685 0.0112057 0.0097301
0 0.294771 0.416621 0.00976403 0.0100558
0 0.257644 0.445971 0.00888348 0.00890961
0 0.32078 0.165164 0.0092081 0.00996041
0 0.48169 0.654525 0.00791226 0.00872464
0 0.519346 0.109443 0.00879439 0.00861681
0 0.657694 0.471543 0.00760037 0.00789642
0 0.320519 0.0553778 0.00800229 0.00848975
0 0.508748 0.0707024 0.00881368 0.00878728
0 0.444744 0.495262 0.00843764 0.00900252
0 0.630664 0.393735 0.00714776 0.00728929
0 0.718432 0.755502 0.00854418 0.00911384
0 0.406309 0.0841507 0.00752543 0.00845009
0 0.607392 0.270039 0.00841031 0.00921802
0 0.558807 0.330806 0.00787944 0.00850288
0 0.321292 0.529583 0.00823218 0.0084962
0 0.336428 0.0894307 0.00925934 0.00881868
0 0.381074 0.758518 0.00740394 0.00830722
0 0.354044 0.157693 0.00799171 0.00862924
0 0.667545 0.381435 0.00708089 0.00799598
0 0.368638 0.331859 0.00810794 0.00820997
0 0.383818 0.0669483 0.0077361 0.0083627
0 0.396328 0.504752 0.00800069 0.00840413
0 0.34631 0.0210042 0.00877333 0.00897855
0 0.242332 0.317139 0.00898151 0.00940036
0 0.51304 0.165046 0.00953027 0.00913898
0 0.306156 0.37837 0.00919373 0.010028
0 0.605516 0.693249 0.00694397 0.00766981
0 0.205228 0.706959 0.00744949 0.00750943
0 0.51006 0.387261 0.0100948 0.00985318
0 0.214516 0.736971 0.0114858 0.0112513
0 0.639357 0.390752 0.00915222 0.00946767
0 0.221332 0.665697 0.00839835 0.00957703
0 0.344817 0.68369 0.00830014 0.00819573
0 0.359309 0.0840043 0.00780063 0.00780802
0 0.571892 0.333056 0.00852949 0.00840268
0 0.285266 0.439745 0.0110866 0.0102318
0 0.345037 0.105049 0.0072878 0.00802283
0 0.232867 0.669441 0.00890837 0.00917487
0 0.407766 0.0957465 0.00772942 0.00822547
0 0.632783 0.417492 0.00840847 0.00859087
0 0.428335 0.271148 0.00823174 0.00839749
0 0.293947 0.520463 0.00727654 0.00768165
0 0.559209 0.420376 0.00764771 0.00800246
0 0.430963 0.158377 0.00726183 0.00829091
0 0.233461 0.721219 0.0079649 0.00857164
0 0.606342 0.379601 0.00717495 0.00794905
0 0.369251 0.704435 0.00729262 0.00834045
0 0.221131 0.652909 0.00845708 0.00963087
0 0.407064 0.219215 0.00817145 0.00819273
0 0.355359 0.190174 0.00750132 0.00935838
0 0.35498 0.679952 0.00750102 0.00824985
0 0.242253 0.645085 0.00709095 0.0078715
0 0.418111 0.216062 0.00688819 0.00896272
0 0.393298 0.0160402 0.00800761 0.00954936
0 0.369748 0.19637 0.00755249 0.0080933
0 0.403037 0.64271 0.00873423 0.00922397
0 0.531758 0.247014 0.00738678 0.00852022
0 0.59102 0.504234 0.00821513 0.00929986
0 0.470228 0.341453 0.00829603 0.00919579
0 0.515051 0.238708 0.0102351 0.00930305
0 0.209342 0.278712 0.00941115 0.0102715
0 0.414517 0.0625494 0.00871518 0.00883437
0 0.58306 0.504277 0.0082706 0.00919627
0 0.446052 0.546199 0.00781114 0.00827148
0 0.279313 0.728535 0.00736623 0.0089974
0 0.578912 0.253688 0.00730075 0.00876809
0 0.329942 0.17936 0.00845679 0.00908756
0 0.316488 0.133018 0.00786343 0.00875678
0 0.684104 0.468385 0.0083237 0.00808601
0 0.466522 0.554112 0.00823117 0.00947628
0 0.55678 0.345752 0.00904351 0.00899543
0 0.594807 0.404252 0.00770569 0.00846005
0 0.557765 0.379187 0.00796193 0.00893243
0 0.689889 0.790895 0.00970988 0.00930291
0 0.669601 0.642753 0.00784424 0.00837341
0 0.321001 0.62943 0.00769335 0.00828586
0 0.581992 0.740561 0.00761183 0.00910434
0 0.339892 0.11572 0.0106265 0.00952568
0 0.684707 0.259337 0.0119824 0.0102165
0 0.539301 0.614443 0.00887736 0.00843085
0 0.295528 0.845352 0.00814036 0.00842095
0 0.208911 0.728875 0.00890364 0.00953824
0 0.381605 0.293757 0.00741645 0.00703976
0 0.232669 0.708775 0.00778161 0.00817986
0 0.233509 0.306734 0.00876151 0.0092472
0 0.395569 0.771971 0.00817193 0.00874085
0 0.264646 0.714853 0.00945206 0.00967428
0 0.535555 0.264063 0.0105175 0.0101921
0 0.364913 0.690088 0.00994419 0.00906887
0 0.616798 0.606573 0.00748291 0.00797791
0 0.61373 0.340703 0.0090762 0.00941983
0 0.670425 0.628334 0.00855828 0.00967821
0 0.368921 0.407388 0.00779765 0.00853441
0 0.391927 0.0799913 0.00831706 0.00822772
0 0.389947 0.365166 0.00981825 0.00912869
0 0.431148 0.0790121 0.00677202 0.0081033
0 0.628995 0.33213 0.0072855 0.00736555
0 0.270279 0.295942 0.00840249 0.00847565
0 0.24244 0.896487 0.00837592 0.00889784
0 0.421531 0.84466 0.00779107 0.00800476
0 0.243329 0.266467 0.00804499 0.00903597
0 0.590918 0.465389 0.0105339 0.00895281
0 0.206027 0.667878 0.00790282 0.00837748
0 0.658215 0.392656 0.00729296 0.00732069
0 0.321348 0.521693 0.00782728 0.00836334
0 0.543661 0.456898 0.00689219 0.00737837
0 0.42242 0.420937 0.00908393 0.00886156
0 0.593841 0.483977 0.00708503 0.00816898
0 0.496725 0.0173741 0.00856706 0.0089417
0 0.569621 0.433656 0.0077042 0.00849935
0 0.469694 0.108178 0.00852129 0.00845938
0 0.352951 0.719244 0.00837728 0.00855672
0 0.492592 0.395001 0.00707055 0.00731717
0 0.343171 0.217824 0.00800639 0.00852748
0 0.604698 0.483717 0.00732381 0.00827562
0 0.256591 0.282295 0.00844945 0.00907196
0 0.23927 0.590189 0.00903425 0.00905362
0 0.453708 0.752639 0.00920057 0.0105254
0 0.5036 0.156283 0.00829888 0.00872292
0 0.489302 0.0655235 0.00973663 0.00908065
0 0.405221 0.392409 0.0082117 0.00896908
0 0.256458 0.703696 0.00674873 0.00829583
0 0.363233 0.81567 0.00983544 0.00960924
0 0.618066 0.706809 0.00741625 0.00764737
0 0.278605 0.671489 0.00782776 0.0086107
0 0.446155 0.418552 0.00817291 0.00826521
0 0.559347 0.32076 0.00779561 0.00837975
0 0.6347 0.515363 0.00838874 0.00923492
0 0.429184 0.416005 0.00820465 0.00966797
0 0.521585 0.205202 0.00769389 0.00776109
0 0.534483 0.339098 0.0101475 0.0093851
0 0.456068 0.330517 0.00717295 0.00767765
0 0.669935 0.284 0.00841573 0.00861025
0 0.309226 0.171871 0.00911848 0.00926012
0 0.382589 0.44108 0.00825653 0.00879907
0 0.496046 0.34296 0.00892717 0.00925964
0 0.592191 0.3437 0.00750543 0.00809899
0 0.494897 0.531686 0.00771179 0.00806258
0 0.682813 0.259583 0.00876926 0.00880374
0 0.685174 0.46521 0.0111813 0.0105929
0 0.291581 0.567149 0.00698276 0.00770569
0 0.256773 0.632507 0.00821552 0.00806023
0 0.308158 0.921084 0.00889957 0.00929321
0 0.468551 0.304521 0.0072958 0.00799723
0 0.465907 0.615117 0.0100572 0.00888353
0 0.335096 0.384454 0.0110977 0.0103401
0 0.595235 0.245595 0.00804938 0.00803084
0 0.376986 0.154902 0.00955716 0.00850644
0 0.39134 0.916399 0.00834951 0.00940057
0 0.320413 0.389862 0.00900316 0.0102373
0 0.522372 0.417107 0.00863559 0.00800971
0 0.509557 0.0340895 0.0107715 0.00982436
0 0.317044 0.793091 0.00671394 0.0073763
0 0.670638 0.396305 0.00789388 0.00860416
0 0.654942 0.716092 0.00675076 0.00839308
0 0.65862 0.762623 0.0119022 0.0104964
0 0.535303 0.539676 0.0095579 0.00922411
0 0.457963 0.733974 0.00862979 0.009194
0 0.31716 0.366606 0.00918525 0.00946296
0 0.289538 0.56565 0.010043 0.00977509
0 0.441551 0.467282 0.00764387 0.00837548
0 0.29041 0.457036 0.00842495 0.00790548
0 0.632324 0.542172 0.0087871 0.00880958
0 0.239063 0.389886 0.0102135 0.00985128
0 0.734063 0.644888 0.00855164 0.00861477
0 0.429707 0.141377 0.00772115 0.00928321
0 0.557671 0.406086 0.00809984 0.00781365
0 0.605386 0.371399 0.0073841 0.00869697
0 0.664862 0.739412 0.00995199 0.00994961
0 0.288253 0.815799 0.0103935 0.00993306
0 0.571226 0.669747 0.00715997 0.00719048
0 0.408667 0.306087 0.00786201 0.00727393
0 0.454005 0.706791 0.00803453 0.0087144
0 0.609188 0.759367 0.00815545 0.00864109
0 0.369427 0.243465 0.00792504 0.00823488
0 0.541688 0.394712 0.00778846 0.00764323
0 0.512258 0.612213 0.00824717 0.00782735
0 0.588771 0.340002 0.00894185 0.00872616
0 0.542778 0.408618 0.00739983 0.00860053
0 0.482755 0.33133 0.0084199 0.00827342
0 0.271785 0.728947 0.00784378 0.0080363
0 0.667565 0.243093 0.00762804 0.00819097
0 0.211118 0.261083 0.0122369 0.011613
0 0.371679 0.468587 0.00818502 0.00760013
0 0.470178 0.705649 0.00773478 0.00761129
0 0.320702 0.255349 0.00878031 0.00906543
0 0.5415 0.643917 0.00718842 0.0072484
0 0.534426 0.416073 0.00824392 0.00877143
0 0.471309 0.371425 0.0086067 0.00913255
0 0.361293 0.165197 0.0101519 0.00939326
0 0.429981 0.282963 0.0075529 0.00788727
0 0.332259 0.819693 0.00784109 0.00817261
0 0.434424 0.233266 0.00804518 0.007827
0 0.531497 0.219174 0.00743839 0.00761995
0 0.330485 0.416878 0.00783695 0.00803816
0 0.558591 0.96919 0.00735033 0.0072899
0 0.340621 0.117388 0.00860023 0.00841932
0 0.362243 0.412011 0.00986654 0.00933265
0 0.334671 0.230592 0.00841488 0.00830392
0 0.395644 0.0683351 0.00752919 0.00739802
0 0.507479 0.389628 0.00781782 0.0100333
0 0.465537 0.258128 0.00858276 0.00912342
0 0.544365 0.991686 0.00763902 0.00872348
0 0.670499 0.76881 0.00831563 0.00795471
0 0.679901 0.207174 0.00809401 0.00853046
0 0.259184 0.808397 0.00854864 0.00833076
0 0.717936 0.805371 0.00873311 0.00924798
0 0.396982 0.220433 0.00851888 0.0077879
0 0.394131 0.320829 0.00674784 0.00784244
0 0.291048 0.609745 0.010803 0.00967475
0 0.271089 0.816276 0.00792341 0.00874098
0 0.377413 0.0214242 0.00928833 0.00875565
0 0.521914 0.402347 0.00896929 0.00971836
0 0.313381 0.389341 0.0118441 0.010375
